0.880
0.895
0.903
0.877
0.822
0.827
0.835
0.916
0.943
0.924
0.956
0.976
0.936
0.903
0.932
0.991
1.044
1.042
1.016
1.002
0.990
0.955
0.913
0.907
0.895
0.860
0.866
0.866
0.876
0.878
0.871
0.851
0.856
0.901
0.965
1.012
1.011
0.990
0.946
0.858
0.830
0.851
0.975
1.056
1.075
1.066
1.068
1.068
1.040
0.978
0.928
0.893
0.867
0.871
0.872
0.893
0.896
0.934
0.968
0.918
0.872
0.911
0.903
0.873
0.872
0.905
0.945
0.941
0.926
0.900
0.907
0.930
0.957
0.955
0.950
0.960
0.938
0.917
0.970
0.986
0.996
0.998
0.953
0.908
0.909
0.903
0.911
0.937
0.905
0.936
0.986
0.999
0.992
0.998
0.981
0.947
0.923
0.907
0.906
0.915
0.924
0.942
0.963
0.989
1.015
1.007
0.995
1.023
1.003
0.969
0.936
0.944
0.970
0.974
0.953
0.966
0.956
0.956
0.963
0.955
0.951
0.976
0.958
0.935
0.967
1.008
0.986
0.938
0.945
0.940
0.938
0.936
0.904
0.878
0.855
0.848
0.838
0.841
0.840
0.843
0.854
0.900
0.940
0.955
0.895
0.856
0.837
0.805
0.812
0.805
0.809
0.822
0.868
0.904
0.934
1.008
0.970
0.955
0.917
0.909
0.917
0.913
0.903
0.905
0.885
0.883
0.875
0.887
0.899
0.883
0.903
0.918
0.933
0.929
0.928
0.967
0.971
0.963
0.939
0.921
0.915
0.904
0.920
0.908
0.885
0.867
0.840
0.837
0.841
0.853
0.881
0.913
0.891
0.901
0.898
0.881
0.858
0.861
0.849
0.847
0.810
0.783
0.799
0.846
0.887
0.869
0.855
0.829
0.837
0.817
0.793
0.789
0.795
0.802
0.811
0.845
0.861
0.867
0.883
0.890
0.900
0.885
0.885
0.867
0.849
0.853
0.855
0.853
0.849
0.872
0.889
0.905
0.880
0.864
0.883
0.871
0.853
0.840
0.859
0.862
0.853
0.871
0.877
0.899
0.901
0.934
0.970
0.970
0.989
0.998
0.978
0.934
0.926
0.920
0.938
0.944
0.988
0.980
0.993
0.972
0.955
0.934
0.906
0.944
0.940
0.937
0.923
0.953
0.890
0.866
0.876
0.930
0.957
0.929
0.876
0.862
0.893
0.903
0.911
0.916
