0.991
0.915
1.414
1.331
1.160
1.254
1.347
1.266
1.290
1.322
1.252
1.282
1.246
1.187
1.229
1.229
1.184
1.304
1.297
1.242
1.279
1.244
1.286
1.326
1.291
1.276
1.242
1.208
1.269
1.213
1.148
1.208
1.217
1.169
1.243
1.264
1.219
1.130
1.215
1.232
1.278
1.218
1.116
1.226
1.272
1.158
1.297
1.264
1.318
1.307
1.290
1.208
1.306
1.286
1.214
1.274
1.277
1.264
1.307
1.268
1.330
1.346
1.315
1.316
1.292
1.335
1.298
1.296
1.318
1.264
1.291
1.296
1.255
1.323
1.325
1.293
1.363
1.292
1.344
1.278
1.286
1.289
1.261
1.309
1.308
1.293
1.325
1.230
1.286
1.208
1.190
1.242
1.162
1.160
1.171
1.116
1.189
1.075
1.053
1.153
1.224
1.192
1.197
1.230
1.202
1.237
1.167
1.193
1.244
1.154
1.201
1.246
1.198
1.253
1.255
1.242
1.275
1.171
1.225
1.247
1.209
1.258
1.196
1.206
1.247
1.198
1.254
1.237
1.175
1.251
1.224
1.189
1.212
1.133
1.140
1.240
1.144
1.131
1.221
1.198
1.166
1.246
1.254
1.206
1.332
1.237
1.282
1.266
1.194
1.293
1.268
1.139
1.035
1.177
1.096
1.088
1.171
1.158
1.186
1.259
1.226
1.172
1.235
1.179
1.211
1.255
1.196
1.261
1.232
1.188
1.251
1.209
1.152
1.238
1.188
1.194
1.272
1.254
1.227
1.292
1.251
1.184
1.222
1.152
1.139
1.223
1.186
1.214
1.236
1.155
1.202
1.216
1.175
1.227
1.223
1.179
1.240
1.197
1.188
1.141
1.141
1.132
1.046
1.090
1.223
1.165
1.278
1.272
1.199
1.298
1.312
1.283
1.341
1.297
1.267
1.310
1.248
1.247
1.185
1.054
1.229
1.251
1.190
1.225
1.176
1.109
1.240
1.190
1.194
1.246
1.215
1.144
1.213
1.175
1.130
1.081
1.173
1.143
1.122
1.028
1.154
1.134
1.188
1.165
1.219
1.292
1.227
1.272
1.259
1.189
1.251
1.224
1.244
1.266
1.197
1.280
1.094
1.086
1.187
1.204
1.167
1.298
1.239
1.313
1.288
1.202
1.245
1.183
1.185
1.220
1.174
1.194
1.206
1.165
1.211
1.238
1.166
1.194
1.150
1.132
